"gmut1" "gmut2" "4E1" "4E2" "gfp1" "gfp2" "gfppp2421" "gfppp2422" "4Epp2421" "4Epp2422"
"P35580" 1623.6 1712.5 1705.5 1750.3 2413.7 2740.1 2341.4 1869.7 2262.9 1899.1
"A0A0D9SGF6" 544.4 522.3 654.1 660 910.6 1058.6 895.7 945.5 622.7 612.3
"Q13813" 544.4 522.3 654.1 660 910.6 1058.6 895.7 945.5 622.7 612.3
"O43707" 1629.2 1829.3 3773.1 3691.9 4339.8 4608.6 4670.1 4360.8 2812.2 2453.6
"P46821" 1343.3 1599.9 1926.7 1809.4 1091.3 992.4 965.5 1013 1378 1335.8
"P21333" 248.9 230.1 239.9 243.4 222.5 219.6 244.6 207 212.3 222.3
"P55072" 1212.6 1185.2 2174.2 2247.9 1681.4 1639.6 1352.9 1471.4 1820.3 1461
"P0DMV9" 7102.5 7158.2 10411.9 10678.7 6766.8 6216.7 5609.7 6158.8 9031.6 9307.5
"Q9Y230" 2571.3 2833.3 3687.2 3729.7 3825.4 3918.7 3134.7 3241.5 3134.9 3323.3
"P49327" 225.5 247.8 223.7 212.7 146.2 124.9 286.1 258.3 279 348.8
"P35579" 474.7 501.5 531.6 583.6 842.6 1001.6 824.1 651.3 1093.5 911.6
"P11940" 1534.9 1478.3 1146.9 1159.4 414.9 380 358.4 329.8 627.5 746.7
"P07900" 1382.3 1437 810.1 846.1 1058.2 1065 1363.8 1158.2 1020.9 1370.7
"J3KPS3" 693.2 657.7 996.7 1012 867.7 918.6 822.5 920.6 906.1 708
"P04075" 693.2 657.7 996.7 1012 867.7 918.6 822.5 920.6 906.1 708
"Q14247" 36.1 47.3 58.8 40.3 36.7 52.4 51.1 44.3 37.6 51.1
"P08727" 483 469.3 639.4 660.7 563.1 621.1 417.8 426.6 415.9 362.3
"P55884" 385.9 430.3 523 554.5 432.2 370.5 233.2 261.3 362.6 488.3
"P08670" 485.8 442.9 300.7 230.9 349.3 398.2 308.4 352.4 149.1 163.5
"P05787" 625.8 623.1 1000.8 947.5 919 975.3 652 638.1 625.9 524.5
"P07437" 738.2 730.2 579.6 566.4 863.4 876.1 980.2 896.5 625.2 653.8
"P50990" 161.6 192.1 133.8 133.1 147.1 138.9 150.1 170.1 123.3 172.8
"O75369" 236.9 227.9 185.1 184.3 200.1 209.2 231.3 213 210.4 198.6
"P27816" 239.8 233.8 230.6 223.9 221 189.8 196.8 234.5 232 279.1
"P63261" 1974.1 2069.2 2453.5 2704.6 3233.5 3930.1 3479.9 2835.6 3020 2546
"P60709" 1974.1 2069.2 2453.5 2704.6 3233.5 3930.1 3479.9 2835.6 3020 2546
"A0A1C7CYX9" 400.8 401.3 371.7 381.8 481.6 461.2 443.9 472.7 422.7 434.5
"Q9Y520" 240.6 233.3 272.5 257.3 178.8 188.4 185.2 184.3 199.4 216.9
"Q9Y5K6" 534.9 528.2 596.9 587.4 566 545.3 549.6 544.6 559.4 522.7
"F5H5D3" 417.1 401.7 328.4 315.5 501.2 560.6 823.4 668.7 384.9 398.5
"Q9BQE3" 417.1 401.7 328.4 315.5 501.2 560.6 823.4 668.7 384.9 398.5
"P38646" 221.7 202.5 256.1 242.6 194.8 206.9 195.4 195.1 234.6 259.7
"P23588" 1292.1 1242.5 2123.7 2130.3 1485.7 1673.9 1593.5 1480.7 2483.8 1907.9
"P52732" 153.3 157.7 173.6 174.1 147.8 151.9 153.3 157.6 168.6 169.1
"Q92945" 191 190.7 276 280.2 259 280.1 363.5 430.7 425.8 427
"P11142" 1153.2 1120.2 1382 1407.3 1019.3 964.7 847.6 926.5 1180.7 1242.8
"Q9Y490" 184.9 195.5 227.4 215.4 258.1 278.5 281.9 275.9 224.8 219.3
"Q02790" 384.3 369.3 481.1 513.3 571.8 569.5 519.5 549.7 495.4 477.8
"Q9C0C2" 162.6 136.3 206 184.9 159 149.6 118.4 148.6 154 162.1
"O60271" 174.3 177.2 136.4 137.2 161.2 143.3 126.3 152.9 91.5 123.2
"Q8WUM4" 25 18.5 22.4 26.1 30.4 28.9 34.4 36.2 25.6 19.5
"O14974" 325.4 330.6 479.9 525.5 271.4 276.9 224.2 252.3 456 381
"P23526" 350.6 409.3 390.7 445.3 498.8 428.5 408.1 399.9 333.6 412.1
"P20700" 349.7 368.9 516.5 485.1 544 561.4 1113.5 1168.9 473.3 621.8
"P29692" 747.1 746 665 669.5 715.2 609.3 503.9 556.5 568.6 587.8
"Q9Y265" 1676.1 1813.3 2493.2 2351.7 2505.9 2527.6 1953.9 2139.5 2019 2070.8
"P12268" 596 593.1 464.9 439.3 757.4 677.5 669.9 683 340.6 401.4
"O14654" 307.4 303.3 311.9 362.8 305 347 244.7 249.8 272.3 304.4
"P49411" 618.8 631.1 231.4 234.7 333.9 331.4 346.3 341.6 284.1 311.3
"P62258" 1410.1 1378.9 1329.5 1438.3 1608.7 1303.7 883.4 1067.7 1068 1385.8
"Q06830" 3019.1 3233.5 3897.8 3943.7 3181.1 3159 3039.5 3088.4 3607.6 3025.2
"Q01082" 42.2 42.1 56.3 56.8 82.9 116.7 123.2 111.9 43.6 47.4
"Q9UBC2" 87.3 80.4 70.1 74.6 83.2 67.7 49 70.4 67.1 61.8
"Q9Y3I0" 335 331.7 312.5 272.5 275.5 269.5 209.1 206.2 238.4 215.5
"Q15276" 41.7 48.9 44.4 36.2 35.1 33.8 30.6 36.9 26.1 30.2
"P78371" 259.8 272.4 168.5 172.5 179.5 162.6 177.7 184.8 169 189.3
"P40222" 298.2 288.5 404.7 400.5 421.5 371 355.4 429.4 538.1 545.5
"A0A0C4DGB5" 338.8 298.6 805.5 852.7 263.9 244.5 317 307.9 1225.4 1170.6
"P15311" 222.7 225.9 312.6 365.8 589.2 628.8 570.2 509.7 278.2 264.6
"Q8WWM7" 382.9 371.4 473.1 461.3 371.8 355.5 319.9 342.3 397.4 409.1
"P48634" 129.5 122.4 150.8 155.4 130.5 121.5 100.8 123.9 146.8 174.8
"P18206" 143.2 140.1 151 130.9 217.1 205.8 241.3 230.1 131.8 136.8
"P31948" 554.4 522.9 778.6 795.5 862.4 752.8 572.3 649.9 600.8 707.6
"P04264" 94.4 143.6 198.8 104.2 81.4 100.4 147.5 142.2 179 148.6
"P60660" 1678.4 1709.7 1797.6 1852.4 2340.8 2399.6 2430.9 1966.9 2648.6 2062.9
"Q92499" 282.3 259.8 267.3 289.8 258.4 282.8 269.1 261.2 250.4 236.5
"Q14160" 253.4 248.4 195.7 168.8 190.3 183.8 151.2 198.7 176.9 183
"P42566" 221.4 217.3 209.3 195 191.8 166.7 166.9 159.3 191.1 206.7
"B1AUU8" 221.4 217.3 209.3 195 191.8 166.7 166.9 159.3 191.1 206.7
"Q9Y266" 870 819 1169.4 1161 1202.4 1109.8 1189.7 1277 1503.7 1623.9
"Q14195" 74.6 77.4 73.1 72.3 95.2 95.8 85.2 95.1 78.6 82.8
"O75534" 59.8 58.2 57.7 56.3 49.8 64.9 60.8 61.2 63 61.4
"P05783" 290.6 263.3 454.2 470.9 497.4 490.8 289 314 280.8 235.9
"Q5VTE0" 450.7 446.4 550.3 603.3 838 888.9 1013.6 964.3 657.6 599.2
"P68104" 450.7 446.4 550.3 603.3 838 888.9 1013.6 964.3 657.6 599.2
"Q00341" 224.8 214.7 219.1 226.9 231.5 234.2 234.9 232.6 244.7 250.6
"A0A0U1RR22" 272.5 240 389.4 404.1 390.3 413.4 346.6 380.6 381.9 318.5
"Q9UNF0" 272.5 240 389.4 404.1 390.3 413.4 346.6 380.6 381.9 318.5
"P08238" 54.8 49.8 24.9 22.9 39.7 42.1 57 42.2 34.8 47.7
"P48643" 805.4 865.6 529.4 506.3 556.2 521.1 515.7 495.3 447.6 599
"Q9UHD8" 100.6 107.4 98.8 100.3 150.3 155.9 122.3 133.7 95.2 95.9
"P40227" 148.2 165.4 120.9 116.7 132 130.4 117.2 109.9 102.8 129.7
"Q5CZC0" 338 342.4 444.6 411.9 428.6 416.7 481.2 529.4 538.9 547.5
"P12277" 769.5 753.6 428.1 415.9 482.9 355.4 326.3 343.4 294.2 382.6
"P00390" 14.7 17.1 23.6 26.2 31.3 20.1 33.7 41.1 30.8 25
"P31943" 77.3 91.8 65.9 65.1 65.7 67.8 84.6 111.5 109.9 101
"Q9HB71" 150.5 132.8 248.2 232.7 213.6 193.5 156.9 163.2 223.1 217.6
"P30041" 288.4 323.8 383.9 404 536 596.4 773.2 719.9 553 594.7
"Q13310" 591.1 575.7 439.8 443.6 383.5 386.9 417.3 442.8 362.4 350.9
"Q8WZ42" 1190.2 1130.7 1753.3 1579.4 1573.9 1536.1 2106.9 2282.1 1813.6 1585
"Q99426" 56.4 60.9 83.3 91 156.1 205.6 270.5 236 161.3 123.8
"P61978" 105.5 101.8 159.2 156.2 209.6 256.8 407.7 437.3 298.9 251
"Q15366" 44.1 36.3 32.7 35.7 42.4 41.1 43.2 41.7 41.2 41.2
"P04406" 817.1 798.5 438.6 451.7 335.6 422.8 286.5 210.6 350.3 406.4
"Q13283" 123.4 115.5 111.4 116.7 81.3 98.5 108.1 100 112.6 109.5
"Q9P0K7" 97.3 98.6 146.8 116.1 107.3 125.5 116.7 112.6 109.8 125.4
"Q86UP2" 9 10.8 11.8 12 10 10.9 6.3 11.9 4.9 12.1
"P60842" 62.1 69.7 42.4 43.6 56.3 55.3 69.3 62.3 56.1 46
"P11021" 411.1 416.8 598.7 551.5 605.9 613.2 600.8 536.5 653 635.2
"O00571" 157.5 157.6 146.2 158.1 141.1 161.9 210.8 185.5 194.6 192.6
"Q9UNE7" 54 65.4 52.1 59.8 41.9 33.8 34.6 23.3 50.9 60.9
"O14744" 27.8 48 17.4 19.9 29.5 21.8 10.9 9.1 8.1 15.8
"Q9UJU6" 77.1 77.2 71.4 64.8 115.8 113.6 121.4 113.4 88.8 79.4
"Q4V328" 16.5 10.5 6.9 9.7 12.5 11.1 3.5 8.5 8.1 5.4
"Q7Z417" 376.3 350.6 432.1 398.8 355.9 370.4 379.2 394.6 386 403.6
"Q13347" 241.3 245.6 186.7 197.7 142.6 125.2 92.4 86.4 153.8 181.2
"A0A087WWU8" 305.8 320.5 317.2 319.8 427.9 353.8 457.3 520.1 582.9 628.9
"Q32Q12" 298.1 313.8 347.4 337.2 319 263.2 221.3 243.4 243.9 332.8
"Q8NC51" 265 247.8 279.2 278 302.7 290.8 348.1 403 508.8 456.1
"Q07866" 158.6 186.5 114.5 118 114 89.9 93.5 98.4 75.8 119
"Q02952" 88.7 82.2 56.3 48 66.4 50.9 55.4 61.6 62.1 60.6
"Q5SW79" 82.5 71.4 54.5 62.4 73.1 82 61.2 80.6 72.1 85.5
"Q9Y3F4" 240.4 243.3 250.3 265 195 190.8 177.1 217.3 298.5 249.1
"P13645" 42.3 63.3 105.7 30.6 56.4 46.3 44.6 29.7 56 49.4
"Q16204" 104.5 102 93.5 106.3 121.1 108.6 97.6 101.5 106.9 112.2
"P50995" 57.6 56.8 65.7 67.6 74.2 75.1 106 116.6 80.7 72.7
"Q9NUQ3" 74.1 69.3 104.4 98.5 95 83.2 75.8 120.5 102.8 129.6
"Q15233" 227.7 232.4 269.1 275.1 244.2 258.4 286.4 303.9 289.1 274.2
"O14964" 32.9 35.1 44.3 49.5 34.4 30 34.1 26.3 39.9 32.3
"P17987" 200.1 252.8 173.3 178 227 211 232.4 248.8 146.4 199.1
"Q13561" 57.8 61.7 42.4 48.1 55.1 42.7 28.6 40.3 40.5 37.1
"P43686" 14.1 11.4 13.4 13.6 10.9 14.1 13.4 4.5 12.9 19.6
"Q00610" 122.5 135.2 128 149.8 79.1 64.9 73 76.6 80.9 110.1
"P14618" 150.1 145.4 89 102.9 96.7 121.8 151.8 154.4 102.9 164
"D6RER5" 72.7 63.4 73.4 73 106.9 104.6 89.2 85.3 67.6 59
"Q9NVA2" 72.7 63.4 73.4 73 106.9 104.6 89.2 85.3 67.6 59
"D6RGI3" 72.7 63.4 73.4 73 106.9 104.6 89.2 85.3 67.6 59
"Q04637" 76.5 77.3 141.4 142.6 56.3 57.2 62.5 57.9 90.7 84.7
"P32119" 1987.5 2060.5 2305.5 2382.1 1437.3 1379.5 1261 1237.6 1957.3 1668
"Q9UNZ2" 94.4 98.8 142 155.7 342.8 425.8 394.2 379.2 173.7 121.1
"O75822" 111.6 116.1 157.1 157.3 218.3 217.5 212.9 193 161.8 146.1
"Q9NPH2" 114.6 124.3 102.2 101.9 106.7 96.1 96.7 86.2 89.7 122.1
"P62937" 186.1 180.6 161.3 176.9 217.8 230.6 372 372.2 330.1 305.7
"Q96A49" 6.4 7.8 14.1 16 13.6 17.4 19.8 20.2 17 22
"Q9NQX3" 134.7 129.1 114.8 124.2 138.2 106.2 118 142.6 120.1 128.2
"O00151" 2.8 3.6 2.7 9.3 10 15.3 13.2 11.9 10.3 9.9
"O43175" 47.6 46.7 12.7 23.9 31.9 35.7 26.7 17.6 22.3 49.4
"1373325" 65.4 63.4 26.5 21.2 1231.2 1283.6 1397 1248.9 28.7 39.5
"O14950" 144.1 157 165.8 172.5 194 209.8 213.7 169.3 238.7 196.2
"Q01518" 165.5 163.9 108.5 111.7 145.7 115.4 105.5 104.7 81.3 98.8
"P31946" 96.7 100.5 81.6 74.2 130.9 82.2 64 75.2 54.4 65.9
"P00492" 68.2 58.9 95.2 96.5 113.2 110.9 114.8 123.5 105.8 126.4
"Q99873" 29.3 29.3 30.2 32.1 41.3 43.1 50.2 55 61.1 78.2
"H7C2I1" 29.3 29.3 30.2 32.1 41.3 43.1 50.2 55 61.1 78.2
"E9PKG1" 29.3 29.3 30.2 32.1 41.3 43.1 50.2 55 61.1 78.2
"Q15075" 409.9 437.8 401.4 382.8 405.8 418.3 374.3 405.4 434.1 447
"Q9UGI8" 157.3 154 121.9 123.6 184.1 161 175.6 161.5 156.2 155.2
"Q92841" 13.2 7.8 15.3 12.1 15 19.7 20.4 20.9 16.4 15.8
"P49368" 200.8 243.5 178.5 170.6 218.5 200 197.8 227.4 150.1 231.5
"P06748" 146.1 142.6 354.5 312.1 278.1 239.4 304 403.3 535.4 640.8
"Q16658" 74.9 76.7 100.6 109.4 68.5 83.1 84.7 90.2 135.6 121.4
"P63151" 88 87.2 123 125.1 174.2 175.1 248.4 244.3 189.6 188.2
"B1AK87" 438.1 463.2 592.1 593.2 668 680.3 668.5 702.4 591.7 609.3
"B1AK88" 438.1 463.2 592.1 593.2 668 680.3 668.5 702.4 591.7 609.3
"P09936" 275.1 262.9 281.7 277.2 350.5 386.6 608.4 663.8 578.9 447.4
"Q9BQA1" 198 194 78.7 74.9 86 63.5 55.4 71.6 76 94.6
"Q9H773" 71.8 76.8 84.1 85.2 95.7 88.3 94.6 130.5 132.1 151.1
"P35527" 28.9 38.4 46.3 85 30.3 21.8 98.6 31.9 113.2 30.2
"K1C9_HUMAN" 28.9 38.4 46.3 85 30.3 21.8 98.6 31.9 113.2 30.2
"Q16181" 80.2 85 64.1 70.7 98.5 110.4 110.3 107.4 82.5 100.7
"O95816" 44.6 46.2 36 32 21.2 15.3 19.9 20.9 24 32.3
"Q9H2D6" 82.4 85.4 109 115.2 97.4 106.6 88.4 99.1 93.3 96.3
"O95817" 12.1 14.1 16.7 20.2 16.8 15.6 18.2 11.1 27.3 18
"Q9Y2X7" 71.7 57.4 81.1 85.8 54.3 61.7 60.1 58.9 51.3 62.2
"Q14444" 79.3 84.5 107.6 114 35.4 31.3 36.6 38.6 78.7 70.9
"P15104" 119.8 133.5 218.4 216.7 119.5 101.8 99.6 98.2 271.7 326.1
"B1ALK7" 111.2 111 143.7 147.2 105 103.3 71 75 77.8 91.9
"Q99961" 9.2 9.7 14.1 7 11 15.3 6.8 8.2 11.3 7.2
"Q9Y224" 228.6 241.6 294.4 291.9 255.6 259.8 196.5 224 269.3 244.2
"X6RJP6" 457.9 438.6 402.5 401.9 797.3 971.4 1269.8 1080.2 642.1 451.3
"P37802" 457.9 438.6 402.5 401.9 797.3 971.4 1269.8 1080.2 642.1 451.3
"P67936" 426.1 462.8 518.7 517.4 516 468.8 739.1 734.9 854.4 869.4
"P52209" 19 35.1 41.7 44.8 69.8 70 102.8 91.8 39.1 32.8
"P68371" 13.6 13.6 10.3 10.4 11.2 14.5 18.2 22 17.7 10
"Q96CX2" 129 107.6 168.5 174.2 88.6 69.5 60.2 86.2 114.3 123.3
"P13489" 7.4 6.4 4.4 6.5 2.3 8 5 6.3 2.3 8.3
"P19338" 83.5 65.4 110 99.4 102.7 147.6 130.6 88.3 250.5 477.7
"P62195" 57.9 49.2 43.4 47.7 40.5 41.8 50.9 39.7 37.2 37.5
"Q92734" 154.1 165.9 328.7 339.1 78.1 78.1 92.6 84.9 146.7 131.3
"P14625" 66.4 66.7 40.8 43.7 41.1 70.3 80.2 44.6 56.4 80.8
"P09496" 127 122.3 81.7 81.5 84.3 60.1 76.2 61.7 71.8 93.2
"O60506" 404.4 388.6 323.4 323.1 715.9 694.3 770.6 752.6 503.7 593.1
"Q09028" 180.5 181.5 188.6 175.3 151.5 143.5 147 175.5 223.1 279.5
"O75821" 417.2 428.3 356.1 351.9 257.2 224.2 187.8 176.5 316.2 301.4
"Q14157" 32.6 25.1 31.6 33.4 17.5 18 21.3 18.1 37.3 26
"F8W726" 32.6 25.1 31.6 33.4 17.5 18 21.3 18.1 37.3 26
"Q9P2E9" 46.3 49.7 30.9 23.8 31.4 34.2 33.7 19.4 41.3 44.7
"A0A0R4J2E8" 55.4 53.4 55.2 69 64.7 71.7 85.4 68.8 86.9 94.9
"Q9UDY2" 114.2 116.9 190.6 193.4 97.8 119 102.6 107.3 110.1 105.1
"P54727" 11.4 12.5 12.8 14.1 16 16.7 3.2 5.8 15.9 11.5
"Q12904" 271.6 252 91.1 97.9 93.9 92.3 72.6 77.5 88.9 100.5
"Q06124" 29.1 37.4 34.5 38.9 50.6 62.4 115.8 83.1 61.2 52
"A0MZ66" 41.7 52.6 30 30.3 31.7 29.3 24.7 28.2 31.4 29.5
"Q9BPU6" 13.2 14.8 17.5 15.1 21.6 23.7 22.1 19.7 17.8 19.5
"P07195" 101.2 120 47.8 42.8 55.3 51.7 50.6 49.5 36.9 42.3
"Q8IUD2" 80.2 82.4 89.4 75 79.1 74.6 83.1 65.6 77.9 77.2
"Q99497" 14.3 13.6 12 21.6 36.4 39.4 35 35.4 21.4 23.4
"P12004" 59.2 54.6 38.7 49 55.6 62 70.2 67.2 47.3 44.8
"Q13200" 17.4 18.4 19.8 20 16.1 21.8 9.3 15.2 17.1 15
"P23528" 421 427.6 318.4 315 442.2 503.6 701 704.6 555.9 526
"P49321" 42.5 45.8 36.1 44.2 83.2 69.7 100.3 96.2 48.9 60.6
"P06576" 105.3 105.7 53.8 56.4 71.5 134.4 133.7 83.4 172.3 220.2
"E7EX29" 77.7 66.6 89.3 83.8 77.8 75.8 58.2 63.7 66.5 72.1
"P63104" 77.7 66.6 89.3 83.8 77.8 75.8 58.2 63.7 66.5 72.1
"Q09666" 1061.4 1052.1 1232 1252.5 1203.4 1215.4 1053.5 1082.9 1142.6 1196.9
"I3L0M9" 8.5 7.4 12 12.6 10 16 4.6 2.9 16.5 8.5
"Q15370" 8.5 7.4 12 12.6 10 16 4.6 2.9 16.5 8.5
"B8ZZU8" 8.5 7.4 12 12.6 10 16 4.6 2.9 16.5 8.5
"P06730" 28.4 32.8 459.6 424.9 45.7 46.1 74.9 88.7 633.3 576.1
"Q15942" 165.2 149.4 154.6 154.3 245.4 259.3 229.1 216.7 155.1 139.3
"Q9UQB8" 136.3 143 194.1 203.6 169.7 191.6 178.8 182.2 179 173.9
"Q15181" 18.3 17 19.5 19.3 22.4 20.1 16.7 15.1 23.6 23.4
"Q6Y7W6" 411 437.5 580.8 515.7 403.8 424.1 408.3 434 485.4 407.9
"P20839" 48.4 47.8 22 31.2 23.6 19.6 16.1 14.2 17.6 18.4
"Q32MZ4" 54.2 54.2 55.8 41.3 50.1 41.9 36.2 44.1 49.5 53.2
"P22102" 72 68 73.8 83 89.1 98.6 120.7 123.8 91.1 96
"Q6WCQ1" 46.8 45 37.9 43.6 30.8 31.6 23.5 28 32.6 30.7
"Q15691" 8.8 13 10.9 12.1 17 18.6 20.3 22.3 10.4 7.8
"Q9Y6W5" 56.4 61.8 145.8 148.7 124.3 118 109 104.9 128.6 116.3
"Q9H074" 8.2 10.6 7.3 8.6 7.1 6.9 5.5 4.3 4.2 9.3
"Q96IZ0" 93.6 94 120.2 115.2 90.6 92.6 89 88.9 133.6 107
"P62979" 1161.4 1144.1 1254.4 1143.2 1157 1150.6 1158.7 1224.2 1410.6 1495.7
"Q8IZP0" 142.9 153.8 230.3 249.3 205.6 204.3 224 189.3 208.3 186.4
"Q96C19" 28.8 32.5 49.7 50 57.4 59.2 124.9 138.5 135.4 119.7
"O95433" 39.3 33.4 32.6 35.7 42.1 37.6 44.1 61.5 58.6 47.6
"P25398" 28.7 24.8 17.9 25.3 10.1 13.5 7.6 7.5 12.4 17.6
"Q9H910" 120.5 123.2 133.3 145.7 233 250.6 398.1 342.9 259.7 231.8
"A6NGP5" 120.5 123.2 133.3 145.7 233 250.6 398.1 342.9 259.7 231.8
"Q96RU3" 38.3 42.2 57.3 56.8 51.4 48.2 44.9 53 51.4 51.1
"P52907" 107.2 98.5 95.9 86.4 101.7 102.2 121.4 122.4 106 114.9
"P35998" 39.7 51.2 45.7 50.6 39.7 50.5 46.7 47.2 40.2 55.6
"Q9NZI8" 88.5 77.1 58.3 61 73.3 66.3 71.7 70.3 71 61.4
"P30048" 3.2 3 8.3 3.5 3.3 7.1 5.5 3.6 4.5 9.1
"P07737" 50.8 50.4 45.3 49.5 120 146.9 177.3 146.2 67 49.7
"Q9NR46" 40.1 41.7 54.3 47.9 56.6 69.7 52.9 48.1 40.7 49.5
"Q13439" 447.2 430.6 523.3 479.4 587.3 619.5 737.8 677.1 552.5 544.8
"Q99816" 8.7 16.6 14.4 12.8 15.6 16 22.4 15.8 13 16.7
"P50502" 61.4 46.8 75.9 84 104.8 93.9 86.9 67.1 72.1 71.6
"O76003" 98.5 101.3 132.1 137 146.6 145.9 181 197.9 206.3 197.2
"Q99700" 14.8 10.8 19.5 24.3 6.4 6.5 5.6 3.6 12.6 20
"P49588" 44.2 39.7 31.7 40.1 45.5 39.6 48.4 59.3 34.1 37.1
"Q0VDF9" 36.2 37 43.8 52.8 48.5 45.4 47.6 43.8 54.9 51.5
"P51858" 56 57.9 108.3 94 134.1 138.9 152.8 179.4 154.9 137.4
"Q8IYS1" 96 87.6 108.2 93.7 125.5 138 214.7 207.5 199.4 154.7
"P50454" 31.7 31.9 39.7 39.1 45.6 50 51.5 50.7 53.9 43.3
"P12814" 30.6 33.6 48.4 45.6 48.8 44.4 54.1 45.7 42.4 38.5
"P62333" 121.1 110.3 70.2 79 68.6 74.6 70.6 83.9 64.3 83.9
"Q13409" 141.5 131.9 117.7 102.9 110.9 100.9 80.1 89.6 89.6 101.9
"Q15056" 35.7 34.8 36.5 30.3 57.5 63.4 98.6 77 45 33.2
"P13861" 11.5 13.5 9.9 13.8 12 11 9.3 12.9 15.8 13.3
"Q04917" 83.8 92.9 84.7 83.3 111 82.9 57 72.9 65 86.2
"P26641" 92.4 100.3 134.6 125.7 260.9 224.2 244.5 234.5 133.2 129.2
"O15027" 5.9 10.9 5.3 10.2 6.3 3.4 5.6 5.8 7.5 5.8
"J3KNL6" 5.9 10.9 5.3 10.2 6.3 3.4 5.6 5.8 7.5 5.8
"F1T0I1" 5.9 10.9 5.3 10.2 6.3 3.4 5.6 5.8 7.5 5.8
"Q14847" 56 56.2 71.9 67.9 90.6 81.1 115.1 105.8 93 70.3
"Q15365" 2.7 3.8 2.5 6.8 7.3 7.8 11.8 13.4 5.3 7.6
"P27348" 15 18.8 20.8 24.4 28.1 31.5 20 27.2 33.3 40.2
"Q9Y6A5" 75.5 78.1 90.4 94.8 89 77.7 79.2 99.4 101.3 101.7
"Q9UHB6" 39 49 55.7 59.1 60.8 58.4 67.1 61.4 79.9 68.1
"P42166" 47.4 44.3 34.8 30.4 58.2 53.2 57.8 53.5 35.8 39.9
"P62158" 232.1 226.8 255.4 226.8 325 358.7 357.6 351.7 284.3 264.5
"H7BYY1" 99.8 93.6 101.1 103.8 109.3 113.7 124.9 115.7 155.9 144.6
"Q9BRP1" 32.5 38.4 34.8 42.2 37.5 34.1 52.3 48.1 44.3 44.8
"P46013" 186.3 188.1 186.4 185.9 179.5 164.4 170.5 164.1 180.3 187
"Q9Y6K9" 190.1 184.9 163.1 160.2 218.5 195.9 173.3 176.3 183.5 180.4
"Q99832" 10.7 10 8.8 10.3 6.6 5 4.5 11.5 2.5 4.2
"Q15417" 33.7 26 52.1 44.1 39.6 43.8 59.7 49.3 52.5 39.2
"P11586" 18.2 13.2 16.4 13.5 25.3 20.9 25.6 21.6 19.7 19.8
"P16989" 97.2 87.5 58.5 47.8 57.5 46.7 47.7 55.8 44.2 74.2
"P41227" 44.1 43.6 37.3 35.4 45.7 39.7 41.5 40 48.9 45.6
"Q5JXI8" 90.8 102.6 95.8 84.2 121.6 123.7 119.5 139 91.2 87.7
"P55209" 41.4 32.6 27.5 34.3 23.5 21.8 27.5 30.2 28.5 33.1
"Q9NYL9" 67.1 68.7 95.5 94 113.4 122.7 120.6 111.7 137.9 120.2
"H0Y360" 41.9 51.5 38.7 39.4 39 32.2 36.3 43.7 34.3 45.9
"Q01433" 41.9 51.5 38.7 39.4 39 32.2 36.3 43.7 34.3 45.9
"O75347" 26 24.4 34.3 25.6 56.3 73.4 90.1 83.3 42 35
"P62136" 9 7.1 11.5 10 11.3 11.7 13.2 14.5 4.6 12.5
"P63241" 1454.9 1845.3 1583.3 1799 2522.1 3014.9 3923.1 3451.6 2560.6 2282.8
"P30626" 11 10.4 19.5 14.3 16.6 24.5 25.2 18.5 18.1 12.4
"C9J0K6" 11 10.4 19.5 14.3 16.6 24.5 25.2 18.5 18.1 12.4
"Q8TD16" 43 42.6 42.2 41 37.4 32.4 19.9 34.3 32.7 44.5
"P46109" 190.4 192.5 274.9 277.4 362.6 414.4 545.6 516.9 459.1 384.9
"Q99614" 69.6 68.9 89.7 74.2 95.1 98.4 97.6 133.7 124.1 141.4
"P14649" 59.2 55.2 76.2 81.1 72.8 73.3 91.3 84.9 105.4 82.4
"Q7Z3B4" 12 9.9 9.5 10.7 10.3 11.1 18.4 5.7 14.2 12.4
"J3KR44" 43.4 47.7 42.5 41.2 64 68.6 104 89.7 74.9 76.5
"Q96FW1" 43.4 47.7 42.5 41.2 64 68.6 104 89.7 74.9 76.5
"F5GYN4" 43.4 47.7 42.5 41.2 64 68.6 104 89.7 74.9 76.5
"Q9UHR4" 13.1 8.8 13.6 19.7 17.3 17 16.9 17.5 15.5 15.7
"P60981" 68.5 63.6 77.4 82.4 79.6 101.7 118.7 106.5 117.1 111.3
"Q7Z406" 559.1 543.4 476.8 455 610.4 608.9 596.3 525.2 578.4 585.7
"P61962" 30.2 37.9 39 38.5 28.9 32.6 34.8 29.2 42.2 42.9
"P22234" 271.4 374.8 204.1 196.4 276.2 220 147.7 192 119 168.7
"Q9H9H4" 40.6 40.4 83.8 69.6 46.1 49.4 45.1 53.5 57 54.2
"O14737" 11.6 11.9 15 15.9 24.1 35.2 52.4 51.6 18.9 14
"C9JW96" 10.7 12 10.6 8.9 14.3 45.9 28.8 12.8 62.5 98.5
"P35232" 10.7 12 10.6 8.9 14.3 45.9 28.8 12.8 62.5 98.5
"Q13541" 34 40.2 178.7 174.4 92.3 97.6 319.6 312.9 358 269.5
"Q9H939" 25.2 26.5 22.8 21.9 20.6 24.6 21.7 22.9 25.1 15.1
"P12532" 1040.8 1042.8 260.2 269.8 251.6 160.4 149.6 171.7 179.9 285.7
"Q8TD19" 45.3 39.7 45.6 49.1 59.5 65.9 61.6 57.3 39 40.5
"P11498" 56.2 58.6 80.2 105.6 94.9 122.5 245.7 192.9 117.2 99.4
"Q8ND56" 5.8 7.2 16.6 16.3 12.2 15.2 16.5 11.3 18.5 13.9
"P22626" 168.7 149.5 132.6 149.3 97.8 125.9 139.7 158.9 165.7 165.5
"O43684" 27.9 29 44.7 43.1 36.8 37 54.4 45.6 46.1 48
"J3QT28" 27.9 29 44.7 43.1 36.8 37 54.4 45.6 46.1 48
"Q96F07" 2.6 8.4 9.2 3.7 8.7 6.8 12.6 4.5 3.7 7.7
"Q13177" 16.4 23.1 21.5 17.6 32.5 38.1 45.4 35.1 29.2 26.1
"Q9Y6Y8" 57.8 62.1 85.1 80.6 78 77.7 76.6 80.8 78.6 70.7
"P55735" 155.5 167 245.8 233.7 185.1 165.7 111.9 117.2 164.5 172.3
"Q9HC38" 15.9 20.4 25.2 23 35.4 40 34.9 36.6 30 35.5
"O43491" 53 49.2 54.3 42.6 92.1 91.4 100 96.1 47.3 69.1
"P23381" 34.1 33.5 57.1 44 65.2 67.4 62.7 69.9 66.1 65.1
"P62873" 55 53.4 57.9 61.1 86 90.5 58.7 63.3 83.5 111.9
"O15212" 26.1 30.3 31.5 33.3 40.6 32 30.7 49.9 43.6 45.8
"P54687" 20.4 19.4 28.8 38.5 37.1 42.7 53.3 56.9 51.1 51.9
"P09874" 8.7 10.8 9.9 9.2 9.8 9.8 12.9 4.6 9.8 10.6
"Q8TAT6" 48.7 38.1 32.5 30.7 42.3 43.9 41.3 52.2 38 40.9
"P62191" 106.8 93.2 88.8 104.7 79.6 78.9 67.2 64.6 77 79.3
"Q05682" 79.9 78.6 103.7 110.1 147.1 135.3 164 171.3 141.3 121.7
"Q92804" 4773.8 4575.8 1241.8 1286.3 1079.6 713 416.6 976 817.4 1220.9
"B5MCX3" 127.4 115.1 95.9 105.5 164.1 163 152.7 163.4 110.2 101.9
"Q9UQ35" 6.7 10.5 14.2 14.2 16.5 9 7.9 10.7 17.5 18.1
"P09497" 564.5 556.5 411.1 374.1 338.4 261 205.5 254.8 331 348
"P22314" 47.7 51.9 42.7 55 57.3 76 117 80.2 67.9 70.7
"P29966" 21.8 18.8 30.5 31.1 36.8 29.9 38.3 47.5 63 78.3
"O00170" 79.3 73.1 67.2 76.4 77.5 85 93 120.2 93.9 101.8
"P24534" 46.2 40.1 40.4 33.5 60.2 49.2 47.4 51.1 45.2 47.9
"Q5T6F2" 7.8 7.3 17.9 16.3 8.6 10.3 3.5 5 9.1 8.4
"G5E9Q6" 14.8 17.1 17.9 19.6 28.2 37 41.1 37.4 28.9 28.9
"C9J0J7" 14.8 17.1 17.9 19.6 28.2 37 41.1 37.4 28.9 28.9
"Q15654" 126.7 127.2 81.6 81.6 98.3 98.1 98 108.2 98.8 110
"H0YDT0" 17.3 11.3 11.9 11 14.4 17.2 6.9 10.5 19.9 12.4
"Q96D71" 17.3 11.3 11.9 11 14.4 17.2 6.9 10.5 19.9 12.4
"P06733" 26.5 23 25.6 21.8 32.1 27 41.3 40 24.3 27.1
"Q14194" 47.3 44 41.8 38.7 47.1 49.1 55.1 50.1 37.4 40.4
"P02545" 4.1 4.5 6.2 9.3 5.3 10.3 10.8 20 8.3 5.5
"Q13442" 90.7 80.6 82.8 68.4 269.7 334.5 347.8 305.1 136 106.6
"P50402" 26.9 30.6 39.8 36.9 65.2 80.6 139.1 100 88.9 52.1
"A0A087WYT3" 129.8 131.9 161.1 149 143.2 143.6 184.4 198.9 217.3 211.4
"Q15185" 129.8 131.9 161.1 149 143.2 143.6 184.4 198.9 217.3 211.4
"O60925" 137.5 150.2 158.7 128.6 191.2 153.4 155.2 201 210.2 215.5
"Q3MHD2" 412.4 506.8 941.8 944.8 403.5 372.7 323.4 345.6 524 571.3
"Q9UN86" 139.2 132.5 206.6 205.8 72.3 72 63.8 66.2 129.7 128.3
"Q8WVJ2" 18.5 14.7 19.1 19.8 31 28.3 30 40.4 22.7 26.1
"P12955" 64.3 54.5 44.5 42.8 75.3 64.6 123.6 117.4 78.2 102.8
"P51114" 37.6 43.8 51.1 51.7 35.4 33.2 30.6 34.3 46.3 44.6
"Q9Y5A9" 20 22.3 17.3 24.3 16.4 19 21.6 23.1 22.8 19.1
"Q93052" 42.3 50.9 63.2 55.4 47.5 56 51.4 41.4 37.2 32.8
"Q14203" 23.8 23.2 28 22 26.9 31.6 31.5 27.8 28.4 19.3
"P30086" 76.9 89.3 91.1 88.1 193.5 222 189.3 222.6 171.4 148.1
"P30622" 95.9 97.2 106.3 98.6 107.3 116.5 123.4 110.1 102.5 91
"Q9Y2Z0" 21.7 18.2 31.8 27.1 43.3 36.3 43.7 48.1 43.4 30.6
"P05166" 70.2 85.7 22.5 21.2 23 15.2 9.6 10 16.3 20.4
"Q15149" 676.8 697 964.7 997.7 873.2 869.8 845.5 857.8 918.9 865.6
"P13639" 8 10.3 9.3 7.5 10 12 11.7 10.6 5.2 13.8
"Q9Y371" 82.7 100.1 128.6 119.3 133.1 126.7 127 149.2 125.7 131.6
"P43487" 79.1 84.5 72.5 62.9 99.2 87.3 100.5 107 103.9 123.2
"P13798" 12 11.9 2.9 3 2.8 3.6 2.2 4.6 2.7 4.2
"A0A087WZT3" 24.2 19.3 23.3 21.7 23 28.9 41.3 36.8 25.3 28.4
"Q9H3K6" 24.2 19.3 23.3 21.7 23 28.9 41.3 36.8 25.3 28.4
"Q06787" 13.3 13.9 20.5 17.1 17 22.2 23.4 22.9 13.2 16.2
"P04080" 27.4 18.2 31.3 28.3 33.9 44 95.2 81.5 70.4 54.9
"Q07157" 33.2 30.3 65.8 49.8 29.3 34.3 22.3 24.8 30.2 30.4
"Q9UHV9" 195.7 226.2 233.7 211.8 250.6 187.9 205.5 279.1 289.3 321.4
"Q14789" 163.5 168.7 160.4 158.2 168.1 150.7 161.1 186.6 157.8 161.9
"Q8N0X7" 45.2 52 43.2 41.2 34.5 33.1 23.8 24.9 44.8 43.1
"P13797" 12.8 9 16.6 12.9 18.1 16.2 23.7 22 19.2 20.2
"P50991" 27.3 34.8 21 20.1 26.2 22.6 29.7 24.3 18.2 20.2
"Q15436" 10.5 9.9 16.2 12.9 13.4 16 13.1 11.3 14 14.1
"F5H365" 10.5 9.9 16.2 12.9 13.4 16 13.1 11.3 14 14.1
"P58546" 9.5 8.6 18.5 21.1 31.9 32 90.4 90 62.2 48.3
"Q9H0B6" 50 43.5 22.5 26.6 32 28.9 35.6 22.3 23.6 28
"Q6NW29" 36 31.3 48 47.5 38.4 44.9 33.7 48.3 38.5 30.4
"Q06323" 29.3 33.4 37.2 37.8 38 43.9 42.9 44.2 41.9 34.2
"Q14152" 10.2 12 11.4 11.9 7.3 7.6 6.6 5.7 5.2 7.7
"Q9UPY8" 16.6 19.2 24.9 26.8 29.9 29.4 46.5 22.2 31.4 24.1
"Q5T0N5" 14.8 13 24 23.6 14.3 18.5 19.4 21.5 16.4 16.7
"F6S8N6" 2.3 3 3.2 3.8 2.3 5 3.2 4 3.5 4.1
"H7BY58" 2.3 3 3.2 3.8 2.3 5 3.2 4 3.5 4.1
"A0A0A0MRJ6" 2.3 3 3.2 3.8 2.3 5 3.2 4 3.5 4.1
"P22061" 2.3 3 3.2 3.8 2.3 5 3.2 4 3.5 4.1
"Q16891" 14 15.6 14.9 11.8 11.7 15.5 8.2 14.7 18.5 20.4
"O75330" 52.2 46.9 56.9 68 62.9 66.4 76.3 88.4 68.2 68
"O60884" 188.8 185.9 201 198.2 259.3 261.6 229 267.1 212.4 226
"Q5SZK8" 16.6 16.4 15 16.1 12.6 11.5 14.3 11.3 4.4 11.4
"P61081" 29.5 34.6 26.1 36.4 57.9 52.4 58.6 59.8 34 34.9
"O75970" 4.3 5.8 4 6.8 8.1 10.5 4.4 3.8 2.9 4.8
"P21281" 23.4 20.2 16.1 18 26 27.7 14.7 23.9 12.6 16.4
"P07355" 47.1 43.6 47.7 47 61.6 49.2 51.6 64.9 46.7 48.9
"Q6PKG0" 18.6 21.5 3.6 10.3 11 14.2 13.4 16.4 11 14.3
"Q9H4A3" 70.8 68.6 63.6 56.7 67.2 59 50.9 41.8 46.4 74.9
"Q9BZF9" 41.4 40.8 45.4 51 49.7 54.9 65.7 57.7 46.3 53.3
"P62826" 34.7 36.9 27.3 30.4 31.6 38.7 49.8 41.3 47.1 38.9
"Q9Y2V2" 33 32.5 31.3 29.5 31.9 33.1 43.1 55.5 48.5 52.5
"I3L3X8" 33 32.5 31.3 29.5 31.9 33.1 43.1 55.5 48.5 52.5
"H3BNU9" 33 32.5 31.3 29.5 31.9 33.1 43.1 55.5 48.5 52.5
"H3BPY5" 33 32.5 31.3 29.5 31.9 33.1 43.1 55.5 48.5 52.5
"H3BTK3" 33 32.5 31.3 29.5 31.9 33.1 43.1 55.5 48.5 52.5
"H3BSW7" 33 32.5 31.3 29.5 31.9 33.1 43.1 55.5 48.5 52.5
"H3BUY4" 33 32.5 31.3 29.5 31.9 33.1 43.1 55.5 48.5 52.5
"P15924" 10.7 10.3 7.2 6.5 3.3 1.8 4.7 2.1 2.2 4
"P42765" 28.4 27.5 14.6 16.7 14.9 20.5 13.1 16.7 23.2 20.1
"Q14980" 21.7 25.6 14.4 18.6 18.8 18.9 19.1 11.4 16.8 29.2
"P43034" 18.7 16.3 47 51.9 43.4 50.8 57.6 55 56 39.6
"O15355" 12 13 19.5 12.9 19.6 26.5 23.2 22.8 27.8 28.8
"O43768" 29.4 32.2 30.5 24.2 48.4 45.6 59.6 50 32.3 36.9
"Q8TDH9" 14 17.4 13.9 13.4 17.1 17.4 16.1 21 13.6 20.1
"Q92598" 12.1 11.2 12.9 13.3 18.3 23.2 31.4 36.1 25.1 30.9
"Q9BVG4" 30.9 35.6 29.1 24.8 46.4 33.9 37 35.4 15.7 32.7
"Q7Z6Z7" 5.8 7 2.4 1.9 2.9 7.3 5.3 3.1 9.9 10.5
"P20073" 37.2 30 37 37.3 51.4 62.9 82.1 69.8 47.2 38.2
"Q92599" 13.6 10.5 21.4 18.4 13.7 14 13.9 15.2 19.8 8
"P51570" 12.7 10.6 5.9 7.1 13.2 12.4 8.1 8.7 7.5 7.6
"Q8IVM0" 10.1 3.3 8 8.1 15.9 13.3 15.6 15.1 13.6 15.3
"Q15003" 23.3 22.1 18.3 16.2 13 19.4 15.3 13.6 15.1 18
"Q6FI81" 87.8 84 52.4 52.7 69 57.2 70.5 91.1 68.3 63.4
"Q92890" 21.2 20.7 24.9 27.7 35 36.4 35.9 41.6 36 31.3
"O95757" 17.8 17.6 17 15.5 16.7 12.5 14 13 24.7 18.6
"E9PDE8" 17.8 17.6 17 15.5 16.7 12.5 14 13 24.7 18.6
"Q9H6T3" 18.3 24.8 17.4 16.2 20.2 18 8.8 15.3 16.8 25.9
"Q03252" 19 32.1 29.3 24.6 27.8 29.3 32.2 61.7 26.6 26.7
"Q9HB07" 11.1 11.1 17.8 15.8 22 21.7 16.5 21.5 13.7 13.4
"Q99471" 133.2 139.8 123.2 127.2 166.1 137.6 146.9 168.4 183.2 184.3
"P63244" 123.4 130.9 85.5 87.3 96.2 111.5 90.2 86.1 104.2 131
"Q9UKY7" 3.5 5.9 3.5 4.4 12.7 13.6 11.9 13.4 6.6 5.3
"O43865" 9.8 8.1 5.7 8.1 4.9 3.1 3.6 5.7 6.8 6.6
"P31689" 42.8 46.2 47.5 45 43.4 47.5 38.6 45.2 42.3 44.6
"P34932" 18.1 21.9 16 12.3 15.9 21.9 15.7 9.7 16.3 16.1
"Q6PJ69" 37.2 38 34.3 38.6 64.5 77.2 76.3 74.4 41.5 42.1
"O00459" 43.2 47.1 40 48.3 30.9 34.1 29.7 39.5 25.3 39.7
"Q92597" 7.1 9.7 7.4 7.9 7.6 9.8 5.2 3.4 14.4 14.8
"Q9NWZ8" 209 199.2 66.5 69.6 60.4 56 64.9 63.8 65 67.6
"P33176" 73.4 72.4 41.8 47.9 47.1 44.8 45.9 54.6 55 55.2
"P49773" 67.3 56.9 67.9 60 73.3 80.9 74 77.1 81.9 86.7
"Q08379" 47.7 45.9 57.8 56.8 65.9 62.5 61 87.4 86.7 78.3
"Q96I25" 28.3 29.1 28.5 34.3 28.4 31.6 40.6 34.3 37.3 41.7
"P21796" 55.3 46.7 56.7 63 59.3 88.2 77.2 54.6 162 232.1
"P49454" 34.1 34.3 21.4 16.3 17.1 11.6 15.4 17.7 8.6 20.5
"D3DTX6" 10.3 6.6 13 15.7 13.4 11.7 17.4 15.7 12.3 11.9
"O94763" 31.1 30.1 24.7 22.8 19.6 14.9 17.6 18.8 22.6 29.3
"Q9NXV2" 20 22.9 20.6 22.3 20.7 22.4 18.6 20.7 30.7 22.7
"Q9UN37" 6.9 3.8 10.9 7.3 9.3 11.2 12.9 5.8 9.5 9.7
"Q9NX63" 61.5 67.6 64.5 65.9 68.5 63.8 82.7 87.9 83 92.2
"Q5JSH3" 2.7 4.4 5 5.4 5.5 8.7 4.4 5.9 3.8 5.5
"Q12959" 28.5 34.6 32.9 36.9 31.3 33.9 40.4 34.7 35.7 38.6
"A0A0C4DFT3" 28.5 34.6 32.9 36.9 31.3 33.9 40.4 34.7 35.7 38.6
"Q07955" 34.8 32 18.8 21.8 8.9 3.6 0.7 4.5 13.7 23.2
"J3KTL2" 34.8 32 18.8 21.8 8.9 3.6 0.7 4.5 13.7 23.2
"TRYP_PIG" 176.8 183.2 230 205.5 232.6 210.4 394 353.5 293.1 218.3
"P51116" 14.3 12.4 16 17.5 14.3 14.2 12.6 6.1 21.1 17.1
"Q9UPN3" 37.1 38.3 30 29 31.2 31.7 29.9 30.5 26 22.4
"Q5JTD0" 2.1 5.5 4.8 4.7 2.8 6.5 7.7 2.8 7.9 4.4
"Q9HD26" 108.8 106.4 71.1 82.8 100.3 97.8 97.6 86.2 77 71.5
"P00966" 13.6 13.8 18.7 12.6 9.8 10.5 19 12.3 18.3 12.8
"Q8N3F8" 35.9 35.1 30.3 30.2 40.2 36.8 31.7 40.9 38.6 42.4
"P38606" 42.6 50.2 30.3 36 32.5 31.8 28.2 33.2 29.3 44.4
"P09972" 25 28.3 46.1 40 40.1 41.8 40.6 36.3 27.3 29.6
"Q7Z6K5" 12 11.1 12.8 14.5 24.2 32.9 42 42.7 23.4 21.2
"P42771" 33.2 31.8 58.6 56.5 58.4 50.1 47.4 53.9 70.3 82
"Q15154" 96.5 91.2 101.8 96.8 79 69.1 59.5 51.8 57.7 56
"O95714" 157.2 146.6 304.2 286.4 233.3 252.6 217 224.3 264.4 234.9
"O60318" 78 83.8 104.5 93.2 101.5 83.2 104.6 112.1 107 118.1
"F8W1U7" 165.4 161.8 83.6 82.4 107.7 108.2 114.2 116.3 94.6 102.4
"Q8N6T3" 165.4 161.8 83.6 82.4 107.7 108.2 114.2 116.3 94.6 102.4
"Q86V48" 28.8 22.8 69.9 61.8 41.8 42.3 23.4 39.3 66.1 57.8
"B0YIW6" 14.6 12.4 7.3 12.5 14.5 14.7 14.5 17.4 15.2 12.1
"P48444" 14.6 12.4 7.3 12.5 14.5 14.7 14.5 17.4 15.2 12.1
"P52272" 19.6 26.5 21.1 13.7 25.6 29.5 23.4 19.4 26.5 35.7
"Q99615" 47.2 49 32.5 31 33.9 33.3 39.3 39.5 28.8 40.3
"P27708" 177.5 165.1 74.6 68.5 67.3 60.9 74.9 67.6 67.2 61.8
"O95721" 52.6 46.1 45.9 48 81.5 99.1 104.7 98.5 61.1 44.1
"P05023" 6.7 2.9 4.4 3.2 6.9 7.9 10.3 13 2.6 3.3
"Q92615" 35.8 36.1 33.6 29.9 32.7 29.6 29.1 25.3 36.5 34.3
"P19387" 19.1 18.8 25.7 27.6 35.9 33.9 35.1 32.9 25.8 27.9
"O14545" 9.8 5.8 11.2 13 10.1 8.7 7 2.7 7.4 12.4
"O95793" 11.2 10.8 4.1 3.4 7.4 8.7 12.6 11.3 12.9 8.2
"A0A087WYY0" 50.7 48.6 46.9 47.6 63.5 75.6 89.9 82.7 78.4 72.8
"K7EN94" 50.7 48.6 46.9 47.6 63.5 75.6 89.9 82.7 78.4 72.8
"B1AKP7" 50.7 48.6 46.9 47.6 63.5 75.6 89.9 82.7 78.4 72.8
"Q13148" 50.7 48.6 46.9 47.6 63.5 75.6 89.9 82.7 78.4 72.8
"G3V162" 50.7 48.6 46.9 47.6 63.5 75.6 89.9 82.7 78.4 72.8
"A0A087WXV3" 50.7 48.6 46.9 47.6 63.5 75.6 89.9 82.7 78.4 72.8
"A0A087WV68" 50.7 48.6 46.9 47.6 63.5 75.6 89.9 82.7 78.4 72.8
"A0A087WX67" 50.7 48.6 46.9 47.6 63.5 75.6 89.9 82.7 78.4 72.8
"K7EJM5" 50.7 48.6 46.9 47.6 63.5 75.6 89.9 82.7 78.4 72.8
"A0A087WXQ5" 50.7 48.6 46.9 47.6 63.5 75.6 89.9 82.7 78.4 72.8
"A0A087WW61" 50.7 48.6 46.9 47.6 63.5 75.6 89.9 82.7 78.4 72.8
"A0A087X260" 50.7 48.6 46.9 47.6 63.5 75.6 89.9 82.7 78.4 72.8
"Q96PY5" 33.8 33.6 26.4 31.5 31.1 24.7 27.8 25.5 28.6 27.5
"O75223" 18.4 16 13.8 12.9 25.9 28.1 54.9 55.5 34.6 32.7
"P05556" 11.2 9.5 13.2 12.4 16.7 20.2 34.4 22.2 14.5 13
"Q9NWV8" 11.2 12 22.1 16 12.9 10.5 10.8 10.2 8.5 12.7
"O95831" 189.3 177.2 115.8 116.4 121.9 107 104.2 122.9 117.2 121.4
"P08590" 219.6 236.3 247.4 228.1 312.5 319.7 334.2 288.8 317.3 274.2
"Q16527" 11.1 12.4 12.9 10.9 12.3 11.6 15.7 17.8 16.2 13.4
"F8VW96" 11.1 12.4 12.9 10.9 12.3 11.6 15.7 17.8 16.2 13.4
"G5E9C2" 3.8 6.9 3 7.6 8.5 8.7 4.7 3.6 4.6 3.4
"I3L4X3" 3.8 6.9 3 7.6 8.5 8.7 4.7 3.6 4.6 3.4
"Q15653" 3.8 6.9 3 7.6 8.5 8.7 4.7 3.6 4.6 3.4
"P14866" 30.4 25.1 31.5 35.8 30.9 35.1 31.7 29.1 32 38.9
"Q8NBS9" 66.9 68.6 60.9 55.8 58 58.6 62.6 53.7 58.9 59.6
"Q8WX93" 3.1 9 8.1 7.3 13.5 14.6 14.7 15.5 15.2 9.3
"Q96SI1" 28.5 31.4 31.5 24.7 29.7 26.3 35 28.7 28.3 28.1
"Q96CV9" 30.3 25.7 20.6 18.8 26.4 24.5 19 20.5 28.5 25.4
"Q9UQ80" 33.9 27.7 12.6 25.6 30.9 38.9 41.2 44.8 30.2 34.3
"A0A1B0GTU4" 16.9 13.4 20.7 22 22.3 28.4 24 19.9 17 16.1
"Q9H3P7" 31.6 28 26.2 30.3 46.2 54.6 44 50.2 44.7 39.1
"P14174" 28.9 12 50.3 53.5 59 53.9 30.9 32.4 26.1 17.2
"Q674X7" 7.2 3.4 8 9.7 16.1 23.3 17.8 19.1 5 9.1
"P67775" 20.4 18.9 29.9 23.2 30.3 25.2 36.1 26.7 27.8 19.2
"P49006" 26.3 28.6 38.9 48.8 40.8 43.4 64.2 83.4 84.1 87.3
"Q02750" 50.1 44 50.3 55.1 43.9 48.5 50.3 55.8 62.3 52.9
"P26639" 33.6 33.2 25.5 30.2 36.3 37 40.7 43.9 25.1 27.4
"E7ETY2" 21.6 23.5 19 29.2 34.5 29.1 31.1 25.6 29.7 41.6
"Q13428" 21.6 23.5 19 29.2 34.5 29.1 31.1 25.6 29.7 41.6
"J3KQ96" 21.6 23.5 19 29.2 34.5 29.1 31.1 25.6 29.7 41.6
"Q13557" 12.1 16.6 15.3 19.3 20.5 16.5 16.8 17.9 14.7 10.8
"Q92905" 102.3 102.4 89.3 85.4 90.3 76.7 66 90 67.4 84
"Q8N1G4" 12.3 8 15.3 12.1 9.8 14.9 14.2 10 16.5 16.5
"Q15717" 78.2 63 49.6 54.7 32.2 35.1 51.3 41.4 56 58.4
"P30101" 4493.3 4424 1376.3 1322.7 1163.8 803.5 762.6 856.7 913.2 1229
"P46108" 133.2 152.3 163 153.3 135.4 140.1 130 116.7 144.5 136.1
"Q13162" 14.3 14.7 14.5 23.3 14.8 15.8 15 15.1 9.3 12.1
"Q8TAQ2" 11.1 8.7 15.8 13.5 10.3 12.7 14.7 16.1 4.8 12
"O75083" 15.8 15 8.8 9.7 17.6 17.6 17.7 15.8 15 13.4
"P15170" 27 32.7 21.6 19.9 28.7 28.9 48.8 43.3 38.5 38.4
"Q7KZF4" 26.7 32.8 20.9 16.7 31.2 32.5 35.3 34.8 21.3 30.3
"Q15084" 40.5 45.8 22.8 22.1 33.9 34.2 61.8 36.6 43.2 55.7
"Q9Y333" 19.1 18.1 30.2 35.9 31.5 28.3 29 26.4 19.8 21.6
"P55196" 24 18.6 4.3 9.5 15.2 11.7 3.3 10.5 4 9
"P54577" 66.7 70.3 58.3 57.5 72.3 113.2 98.6 57.8 108.2 135.3
"Q53EZ4" 607.4 555 188.5 163 135.6 108.6 101.4 110.2 106.4 148.1
"O43583" 51 47.8 70.3 53.4 76.3 64.2 79.5 98.9 95.6 86.4
"Q7Z569" 6.4 7.1 9.5 3.6 7.5 6.5 14.1 5 9.2 10
"Q9NU22" 61.2 61.2 123.8 119.5 131.2 145 152 142.8 92.4 85.3
"P17066" 332.6 317.5 458.2 470.6 295.9 265 253.5 277.8 376.6 439.2
"Q9NZN8" 10.7 15.5 21 20.2 22.9 22.6 16.8 21 20.2 18.5
"P24666" 15.7 15.5 16.3 20.7 33.8 31.8 43.4 41.3 26.4 17
"P30044" 80.7 73 120.7 135.6 98 113.8 159.4 130.3 170.5 134.5
"Q16637" 368.9 342.6 152 148.9 142.8 132.1 156.8 133.3 122.8 158.2
"Q9NZL9" 30.2 31.7 23.5 25.5 29.3 34.7 27.3 29.6 30.1 26.6
"Q8NE71" 11.9 14.6 14.1 14.5 15.4 20 34.1 32.8 18.2 24.7
"P63126" 121.1 116.1 152.8 133.5 147.6 140.6 139.6 156.7 134.2 142.5
"Q5TBA9" 20.4 18.8 22.2 19.1 17.4 25.3 28.2 22.5 26.4 22
"O95613" 8 8.6 11.4 8.3 14.4 16 13 6 9.3 12.6
"Q9UJC3" 64.8 55.9 27.7 26.7 53.5 44.8 43.6 35.1 36.8 41.3
"Q6WKZ4" 35.8 37.8 36.8 37.5 49.8 38.4 57.3 46.4 46.5 50.3
"H0YN81" 46.5 50.8 37.9 33.2 42.2 44 33.2 41.7 43.9 42.1
"P51991" 14.1 15.9 14.9 12.9 10.3 16 11.6 11.3 12 12.7
"P46736" 16.2 16.5 16.9 16.3 17.4 15.2 14.4 10.3 10.9 10
"Q14697" 42.4 50.2 13.5 17.3 32.5 40.1 45.9 31.5 19.1 27.6
"Q99733" 7.9 9.1 3 4 9.7 10.2 4.9 5.4 3.2 7.9
"P21802" 122.6 111.1 144.1 129 151.4 163 157.1 164.9 137.2 157.4
"O60566" 32 43 42.2 33.7 49.7 46.9 35.2 41.6 46.4 44.6
"P54819" 19.6 22.9 25.5 28.5 41.7 36.3 40.9 45.1 39.7 34.5
"P58107" 18.2 21.3 19.8 22.7 20.6 24.7 13.2 29.8 15.8 25.4
"P07814" 18.4 21.7 12.3 14.6 16 17.8 22.3 20.3 8.6 16.7
"P56537" 21.5 23.2 11.3 14.3 29.6 27.6 27.7 35.7 27.5 24.7
"P53597" 23.5 24.9 17.3 17 23.3 28.5 18.5 27 18.7 18.6
"Q9ULX6" 58.2 59.4 46.2 41.3 44.8 43.4 38.6 36.1 35.7 37.7
"Q96MW1" 7.5 10 9.9 10.6 17.6 19.1 18.8 22 15.3 11.4
"Q9UK45" 61.1 61.2 98.1 102.3 79.3 90.2 106.6 86.1 94.4 84.5
"P61758" 142.9 148 153.4 131.8 163.3 138 152.4 161.6 174.1 174.1
"Q9Y2J2" 1.9 2.9 1.7 6.2 7.5 8 14.2 10.9 3.3 3
"Q9Y4D8" 15 15.8 16.5 13.7 19.1 16.3 22.1 21.2 20.8 11.2
"Q9UKJ3" 57.9 58.7 51.6 54.7 56.7 53.6 54 51.2 67.1 60.2
"Q15811" 93.3 101.4 158.4 163.2 167.9 160.1 124.9 161.8 152.6 132.6
"Q96HC4" 44.7 40.6 35.9 40.8 63.5 62.1 75.3 73.9 62.5 47
"Q14CM0" 39.8 31.7 99.3 98.6 38.2 40.3 50.3 41.8 118.6 125.2
"Q13643" 43.6 37.4 58.7 59.5 48.4 51.4 39 46.1 51.3 49
"Q08378" 27 29.5 13.5 16.8 21.1 13.7 10.8 9.3 12.4 18.2
"G3V3R6" 4.3 7.3 9.6 2.8 10.1 7.3 16.3 6.6 4.9 7.9
"P17931" 4.3 7.3 9.6 2.8 10.1 7.3 16.3 6.6 4.9 7.9
"P22695" 16.6 17 13.9 18.6 16.9 29.1 24.5 18.3 19.4 18.8
"Q7L0Y3" 11.5 10.6 4.3 7.1 12.5 9 11.7 12.7 9.2 8.7
"P49427" 19.8 18.9 15.9 21.4 22.9 30.8 24.6 25.9 19.4 26.9
"Q8N4C6" 39.8 31.7 99.3 98.6 38.2 40.3 50.3 41.8 118.6 125.2
"Q53EL6" 8.8 12.1 8 9.8 14.2 7.1 16.1 16.7 16.8 11.6
"Q8IZT6" 423.8 399.3 835.9 833.1 625.7 654.6 516.9 540.4 704.8 596.6
"O43639" 16 14.5 17 19.9 20 20.5 16.8 17.8 20.2 20.6
"Q9UMY4" 16.9 18 7.3 10.4 32.8 32.7 47.6 29.4 12.6 10.9
"A0A087X0R6" 16.9 18 7.3 10.4 32.8 32.7 47.6 29.4 12.6 10.9
"Q9GZP4" 13.5 12.3 26.5 19.6 29.5 26.8 57.1 52.1 55.2 34.6
"Q9BUF5" 27.7 26.5 19.2 17.5 26.8 31.7 34 36.5 23.6 24.4
"P55957" 3.8 2.9 12.1 10 10.3 11 15.8 16.6 11.8 14.8
"Q96BD8" 46.1 42.2 28.7 33 47.9 41.5 33.6 41.6 38.3 35.8
"O75691" 117 119.5 149.4 136.7 168 183.5 221.7 226.6 183.3 169.9
"O15084" 12 13 12.3 14.7 11.3 8.6 12.7 12.8 4.8 11.6
"E7EQT4" 135.6 124.7 52.9 52 53.1 44 37.8 57.9 48.1 62.6
"P28066" 13.8 16.6 5.5 13.1 17.5 20.5 19 20.5 12.9 15
"Q9HC35" 10.9 13.5 10.4 9.7 13 12.3 10.8 15 4.9 11.3
"Q96KB5" 13 6.5 11.5 14.8 21.8 18.7 28.3 24.9 22.8 23.8
"P0DMM9" 4.2 3.3 4 7.8 3.9 10.9 14 6.1 3.4 4.8
"Q5T5Y3" 10.3 10.9 12.1 13.7 10.9 13.1 13.9 11.7 13.6 11.2
"P25325" 122.6 130.7 103.7 108.6 129.5 131.5 116.6 120.2 148.5 163
"Q5VWV2" 12.4 6.4 6.6 12.9 11.5 11.8 9.5 5.4 11.1 8.5
"I3L1Q3" 6.5 3.1 8.1 5.6 2.9 6.9 4 4.8 9.3 4.4
"I3L3N8" 6.5 3.1 8.1 5.6 2.9 6.9 4 4.8 9.3 4.4
"I3L2T0" 6.5 3.1 8.1 5.6 2.9 6.9 4 4.8 9.3 4.4
"I3L437" 6.5 3.1 8.1 5.6 2.9 6.9 4 4.8 9.3 4.4
"Q8TE02" 6.5 3.1 8.1 5.6 2.9 6.9 4 4.8 9.3 4.4
"I3L2A9" 6.5 3.1 8.1 5.6 2.9 6.9 4 4.8 9.3 4.4
"O75674" 15.9 13.2 18.3 14.1 20.4 25.4 23 22.9 23.8 18.5
"A0A0G2JMZ8" 8.2 9 6.4 3.2 3.6 12.1 9.5 7.7 9.7 11.8
"Q16625" 8.2 9 6.4 3.2 3.6 12.1 9.5 7.7 9.7 11.8
"O96019" 35.1 32.4 30.2 33.2 29.2 32.3 33.2 36.1 31.9 40.7
"O14531" 3.7 4 7.7 6.3 6.6 10.3 5.7 3.9 12.8 4.4
"Q9P1Z2" 42.2 41.5 38.2 39.3 48.5 47 49.8 62.1 38.2 54.6
"A0A087WZU8" 50.1 46.1 59.5 57.2 32.6 36.4 25.8 36 37.3 37.9
"P04637" 50.1 46.1 59.5 57.2 32.6 36.4 25.8 36 37.3 37.9
"A0A0U1RQC9" 50.1 46.1 59.5 57.2 32.6 36.4 25.8 36 37.3 37.9
"A0A087X1Q1" 50.1 46.1 59.5 57.2 32.6 36.4 25.8 36 37.3 37.9
"O60504" 3.3 3.6 9.3 6.8 8.5 7.1 13.7 16.5 11.8 4
"P45880" 124.6 111.4 88 90.6 91.7 93.8 83.7 74.8 124.4 169.7
"P46976" 13.2 14.6 17.1 22.1 13.6 11.2 5.6 15.1 17.7 21.9
"B7Z645" 33.7 26.9 16.8 20.2 19.4 9.8 4.4 19.2 17.8 19
"Q8ND24" 8.2 8.3 4.6 6.9 9 6.9 4.3 8.5 4 10.6
"Q86VP1" 10.8 10.9 7 8.8 15.9 19.7 14.4 13.3 16.2 14.1
"P67809" 183.2 170.5 66.1 70.6 82.1 55 60.6 74.5 63.1 107
"Q9Y2I7" 117.5 118.6 134.9 139.2 118.8 114.1 144 159.4 180 184.3
"Q9BY89" 13.2 11.8 10.3 16 13.9 15.2 17.3 10.3 13.1 8.5
"E7EPV7" 16.9 19.9 21.7 27.3 37 35.7 46.1 50.8 30.3 25
"P37840" 16.9 19.9 21.7 27.3 37 35.7 46.1 50.8 30.3 25
"Q9ULT8" 89 82.2 74.1 74 68.2 75.8 94.6 90.4 65.9 67.6
"O94788" 22.2 26.5 18.2 19.4 21.4 18.3 20.4 30 27.1 29.7
"P54105" 84.7 82.4 71.1 65.4 73.5 65.6 59.2 66.2 73.9 70.9
"Q13151" 395.4 362.5 212.8 213.4 222.3 232.5 265.1 311.5 269 257.2
"P27144" 9.6 8.2 7.3 6.5 7 13.5 15.6 5 16.7 22.3
"Q8N8S7" 16.4 12.4 17.5 17.5 20.2 15.4 20.2 23.4 22.4 18.6
"P52594" 11 9.6 12.1 10.8 10.3 14.2 11.1 15.4 4.7 12.8
"Q6YP21" 44.5 46.2 34.5 39.3 41.9 56.2 54.1 68.2 51.9 47
"Q9H583" 7.9 10.2 8.7 7.6 9 6.9 11 4.9 11 7.9
"Q9NWS0" 55.2 50.3 49.9 52.7 49.5 45.5 35.4 34.7 43.3 44.5
"A7MCY6" 19.4 22 23.7 27.1 19.7 18 16.3 14.4 16.5 22.2
"Q5BKZ1" 3.6 12.7 8.5 11.2 8.7 14.5 5 19.6 9.7 10
"B4DXW1" 9.4 8.4 9.5 9.1 10.5 10.9 13.4 5.9 11.3 9.6
"P61158" 9.4 8.4 9.5 9.1 10.5 10.9 13.4 5.9 11.3 9.6
"K7ES63" 37.8 40.5 38.4 35.3 45.8 55.2 64 46.5 28.9 34.6
"Q9Y6U3" 15 16.8 26.1 20.8 13.3 16.9 23.5 12.5 28.8 18.4
"Q9NPD3" 9 9.4 7.3 7.7 7.6 3.7 2.2 3.3 9.4 9.2
"Q8NEZ4" 2.9 2.5 1.7 2.7 3.6 7.2 6.3 6.7 3.5 8.1
"Q8IWJ2" 1.8 9 3.4 4.2 4.3 3.3 2.9 3.4 5.3 2.5
"O60664" 49.6 49.1 13.6 11.9 25.1 26.9 29.6 28.6 24 26
"P0CG47" 312.7 339.7 353.8 337.9 344.2 355.1 336.2 352.5 388.9 393.4
"P0CG48" 312.7 339.7 353.8 337.9 344.2 355.1 336.2 352.5 388.9 393.4
"P62987" 312.7 339.7 353.8 337.9 344.2 355.1 336.2 352.5 388.9 393.4
"Q2WGJ9" 4.3 3.6 2.7 2.3 7.5 7.4 13.4 6.6 4.3 4.8
"P35244" 7.8 8.3 10.5 6.6 16 11.1 13.9 14.2 4.3 10
"B5MC59" 7.8 8.3 10.5 6.6 16 11.1 13.9 14.2 4.3 10
"P0DN79" 13.4 13.6 7.1 13.6 26.5 23.8 46.9 34 24 24.2
"Q9BPX5" 9 7.8 3.4 9.1 15.6 11.2 15.8 13.1 11.9 10.8
"Q13085" 32.1 32.1 29.6 29.9 30.7 34.5 43.4 29.9 32.3 31.2
"Q9H5N1" 25.8 25.6 26.3 19.8 12.1 19.6 20.3 23.9 27.6 16.4
"Q13263" 20.8 18.3 13.5 16 15.6 27.2 29.2 20.9 34 31.6
"Q9BPZ3" 10.1 9.6 19 10 6.6 9.1 1.6 4 4.5 9.6
"D6R9Y1" 10.1 9.6 19 10 6.6 9.1 1.6 4 4.5 9.6
"P49585" 2.8 3.5 2.8 3 7.5 8.1 3.9 3.7 10.7 8.4
"P07910" 30.2 26.1 23.3 25.2 22.3 17 19 15.2 23 31.1
"O14562" 6.8 6.4 8.6 8.2 9.5 9.7 12.7 17.5 10.6 7.7
"Q6ZV73" 7.8 8.4 9.2 10.6 10.3 8.2 6.5 3.4 12.4 4.3
"Q0JRZ9" 21.2 19.8 20.3 21.5 27 24 24.4 22.4 25.2 20.1
"Q9NUP9" 79 70.3 96.3 102.2 121.6 121.6 99 108.5 86.5 102.8
"O43823" 7 7.8 3.6 7 2.8 6.6 2.6 6.1 4.2 10.8
"O95684" 3.3 7.5 2.5 3.4 9.6 7.6 4.8 3.9 9.5 9.5
"Q96PK6" 19.9 21.8 18.8 21.9 20.1 19.8 29.3 27.9 21.3 22.4
"Q9UFH2" 166.6 161.7 140.9 139.9 157.2 156.2 124.1 136 116.4 129.8
"P41214" 4.2 2.7 2.3 3.2 10.6 10.6 3.7 7.3 2.7 1.7
"P49354" 8.5 8.9 9.4 12 11.1 10.4 23 15.8 15.4 14.7
"Q4FZB7" 118.3 124.2 151 146.7 129.7 121.5 123.2 141.8 135.4 130.1
"O43432" 10.9 14.5 7.1 10.5 7 7.5 11.9 11.1 11.6 7.5
"Q14103" 90.1 86.3 58.2 55.7 62.8 74.6 98.1 84.4 50.4 58.2
"Q8WXH0" 38.8 33.1 52.1 50.5 68.1 73.6 88 89 76.9 72.7
"P49792" 73.8 70.9 22.2 28.8 23.5 17.3 9.5 13.9 16.8 30.8
"Q8TE73" 551.7 573.1 673 740.7 910.7 1132.9 988.5 814.1 869.3 767.6
"Q14C86" 6.8 9.3 8.4 9.3 9.2 9.6 6 15.6 13.3 10.1
"Q86VS8" 23.8 26.4 15.8 16.6 27 25.6 27.9 26.8 23.8 26.8
"Q6S8J3" 3.4 2.4 9.6 2.6 3.3 8.5 4.1 4.4 5 7.9
"O15234" 10.9 9 13.8 10.5 1.9 3.3 3.3 2.1 4.1 3
"P35749" 187.6 184.5 270.3 289.7 425.9 519.6 690.9 606 427.4 347.2
"O15144" 10.8 9.3 10.9 7.9 13 13 6.6 18.5 5.2 13.5
"Q9Y4A5" 136.4 129.9 120 124.2 123.4 114.4 125 129.3 135.2 166.8
"P62857" 32.4 33.6 25.4 16.9 15.6 16 15.8 17.3 22.3 24.6
"Q9P2P6" 20.7 23.1 30.7 31.7 31.3 30.6 28.6 40 23.5 27.5
"P52434" 2.8 1.9 9 8.9 3.4 2.6 6.3 3.7 4.7 3.9
"Q9BZI7" 21 13.6 17.2 17.2 14.2 16.7 17.5 16.2 20.5 23.7
"Q99460" 7.6 9.8 3.8 3.7 8.1 4 3.2 1.9 4.5 10.4
"Q12929" 14.2 10.6 11.3 11.6 11.4 12.4 15.3 11.1 14.1 12
"Q9NZT2" 3 3.3 3.4 3.8 3.7 8.4 12.1 13.9 5.2 2.8
"O43719" 15.4 14.6 16 19.6 19.3 21.6 12.7 15.2 11.5 16.8
"A0A0J9YX62" 30.5 26.2 22.5 28.6 15.9 10.6 12.9 21.7 27.8 23.2
"O75190" 30.5 26.2 22.5 28.6 15.9 10.6 12.9 21.7 27.8 23.2
"C9J2C4" 30.5 26.2 22.5 28.6 15.9 10.6 12.9 21.7 27.8 23.2
"Q8IVL1" 10.6 11.9 16.9 15.4 17.9 15.8 15.7 19.6 18.1 19.1
"Q9UG54" 26.2 39.8 34.2 30.6 36.3 38.5 34.5 47.4 24.4 27.3
"Q6ULP2" 9.7 6.7 2.2 2.9 3.8 2.2 2.6 2.3 3.3 4.4
"Q8IU85" 7.1 8.9 2.7 4 8.7 11.4 12.8 5.2 14 12.7
"Q7Z7A1" 118.2 107.3 110.7 106.5 133.9 101.9 109.1 144.2 132.1 142.2
"P10636" 33 36.4 23.1 26.4 279 316 360.2 310.4 29.2 31.5
"A0A0G2JQJ7" 33 36.4 23.1 26.4 279 316 360.2 310.4 29.2 31.5
"A0A0G2JPD5" 33 36.4 23.1 26.4 279 316 360.2 310.4 29.2 31.5
"Q9Y383" 17.1 16.9 23.6 22.6 17.8 17.6 18.8 28.9 21.8 27.1
"O14777" 7 6.4 8.7 9.8 7 8.3 5.7 4.9 4.4 8.6
"O00401" 8.6 11.2 10.4 11.8 11.9 11.9 12.5 13.2 11.2 9.2
"P20810" 57.3 58.8 64.8 69.2 94.2 106.1 78.1 70.5 119.8 93.3
"P12036" 12.1 14.6 13.1 11.6 15.5 13 14.6 21.4 16.9 19.1
"Q14257" 21.5 13.7 12.8 10.3 20 22.8 17 25.2 13.1 18.2
"A9Z1Z3" 50 39.4 76.7 70.8 61 72.1 82.5 87 105.8 89.4
"P15880" 16.3 21.1 16.1 15.3 14.4 20.1 18.3 26.3 19.3 21.9
"Q9H444" 12.2 11.4 7.6 9.5 31.8 32.7 29.3 36.3 10.4 13
"Q9Y2I8" 8.8 8.5 4.5 3.8 2.6 6.9 5.6 5.2 2.7 2.9
"B0QZ18" 7.8 8.7 4.3 3 6.9 7.2 7 11.2 4.2 2.9
"F2Z2V0" 7.8 8.7 4.3 3 6.9 7.2 7 11.2 4.2 2.9
"Q99829" 7.8 8.7 4.3 3 6.9 7.2 7 11.2 4.2 2.9
"Q9BZH6" 17.4 20.3 18.6 21.1 30.2 21.2 23 29 28.3 21.2
"E7EUV9" 8.9 12.1 17.2 16.1 14.5 11.3 16.2 17.5 20.1 19.5
"H0YAE8" 8.9 12.1 17.2 16.1 14.5 11.3 16.2 17.5 20.1 19.5
"P11274" 78.7 81.3 87.2 96.9 109.2 108.6 114.3 84.2 130.2 118.8
"P13796" 13.8 15.3 16.4 14.7 20 18.3 34.4 35.2 25.8 25.4
"Q6ZNC8" 1813 1798.1 514.9 518.4 448.5 300.3 273.6 297.5 318.6 440.6
"Q7Z2K8" 38.4 39.9 43.5 40.7 31.2 36.9 41.5 37.1 34.7 50.5
"Q9Y3A3" 19.5 23.2 18.9 16 22.7 22 22.8 22.7 16.7 14.2
"P23246" 21.8 20.7 30.5 29.7 21.4 17.3 27.4 28.6 29.8 39.1
"P35611" 27 24.9 36.5 38.8 41.1 44.7 45.6 51.5 35.7 36.7
"Q92692" 8.5 7.9 1.8 13 10.5 11.7 13.5 15.4 12.6 12
"A0A0J9YVP6" 3 3.6 2.3 6.5 2.1 6.4 5.1 2.6 5 4.1
"A0A0J9YXJ8" 3 3.6 2.3 6.5 2.1 6.4 5.1 2.6 5 4.1
"A0A0J9YXX5" 3 3.6 2.3 6.5 2.1 6.4 5.1 2.6 5 4.1
"Q9UHX1" 3 3.6 2.3 6.5 2.1 6.4 5.1 2.6 5 4.1
"A0A0J9YYL3" 3 3.6 2.3 6.5 2.1 6.4 5.1 2.6 5 4.1
"P78318" 14.6 13.9 13.9 14.7 12.6 17.6 25 17.7 15.2 11.8
"Q9P2D0" 586.3 546.4 436.2 422.1 399.2 436.6 349.1 293 362.5 457.4
"Q9H2G2" 12 17.2 8.5 8.7 3.8 7.2 9.4 17.7 4.4 9
"Q96MX6" 30.5 32.8 49.7 36.6 63.3 71 80.2 69.7 51.8 36.3
"Q8ND98" 30.5 32.8 49.7 36.6 63.3 71 80.2 69.7 51.8 36.3
"Q9NYA3" 157.2 146.6 304.2 286.4 233.3 252.6 217 224.3 264.4 234.9
"Q9NYB9" 7 3.3 11.7 11.3 10.9 9.4 11.5 12.8 9.7 11.2
"O75348" 49 44 44.4 45.9 48.3 42.1 44.7 45.6 45.1 50.5
"Q9Y5X1" 4.1 2.7 4.3 7 8.1 9.2 5.3 15 11.9 8.1
"Q9Y4H2" 6.5 9.6 7.6 9.9 6 10.1 7.7 7.7 7.5 7.3
"Q92616" 146.1 159.2 101.9 122.6 119.9 130.8 144.2 147.6 146 166.5
"Q53HC9" 26.5 25.7 20.9 16.8 23.2 27.6 27.1 28.6 22.9 22.7
"Q7L8W6" 7.4 6 2.3 2.1 8.6 6.9 7.1 3.5 2.7 4
"Q96RQ3" 36.9 40.5 23.5 20.3 33.8 34.2 54.6 49.5 24.2 22.9
"P25788" 11.6 14.7 7.6 8.9 8.4 11.7 7.9 10.4 13.8 7.6
"Q8N163" 7.9 11.1 10.5 10.4 10.9 12.1 11.6 17 10.2 8.8
"P43490" 14.1 50.3 55.2 35 31.2 27.2 34.6 72.8 27.9 32.1
"P16615" 17.8 17 22.6 19.9 18.2 14.4 14.9 12.4 20.8 27.6
"Q6ZMV9" 17.7 19.1 12 16.6 13.3 10.2 10.6 16.9 10.3 14.5
"Q92887" 67 75.2 78.5 71.5 87.6 73.2 74.2 91.6 97.9 90.5
"E5RJR5" 2.2 3.9 4.1 7.3 4.4 9 9.9 6.7 3.3 7.6
"P19838" 9.2 12.6 10.3 11.3 6.4 9.3 4.7 5.8 8.6 7.8
"P62306" 36.6 28.1 44.7 45.2 46.6 48.1 38.7 27.2 38.1 40.4
"Q63HN8" 23.2 26.9 14.8 13.6 12.9 10.3 1.4 11.5 5.4 13.4
"P36969" 7 5.5 3.7 2.9 3.6 7.4 7.3 6.4 3.1 4.8
"P26599" 1.5 6.4 4.3 3.9 8.5 12.6 17.9 12.9 5 11.2
"P29401" 14.6 9.4 21.4 18.5 18.1 26.5 28 29.4 17 17.6
"Q8N3R9" 13.3 12.7 8.1 9.8 11.9 16.3 14.5 6.1 8.8 12.7
"Q9NZJ0" 38.2 49.8 37 36.1 43.4 48.2 41 36.8 54 36.7
"P30520" 7.4 9.6 11.4 10.6 11.3 7.6 4.9 3.4 5.3 12.5
"Q7Z7M9" 134.4 125.9 110.8 110.1 138.8 143.2 163.9 144.1 127.1 113.1
"Q3T8J9" 90.6 97.7 101.4 102.6 126.2 144.5 120.2 106.2 122.8 110.9
"Q9H1E3" 4.7 5.2 11.3 10.9 16.9 23.9 26 9.6 5 14.5
"Q5T9S5" 26 22.8 33.7 37.3 37.5 38.8 40.9 63.7 28.1 23.3
"K7ELV5" 24 23.9 24.5 32.9 24.4 24.6 30.5 26.8 30.1 29.3
"Q00526" 24 23.9 24.5 32.9 24.4 24.6 30.5 26.8 30.1 29.3
"P00441" 21.4 19.5 18.9 26.3 25.6 28.1 30.4 26.8 25.4 19.6
"P52948" 11.5 15.5 23.6 34.6 33.7 31.4 27 33 36.2 28.9
"P20929" 73.1 81.4 83.8 91.7 78 79.1 76.9 92.2 96.4 100.2
"P54725" 71.1 76.1 101.5 101.4 90.6 78.4 54.8 80.3 66.3 63.4
"P15927" 27.7 23.2 16.7 22 29.6 30.2 30 28.7 22.1 24.4
"Q9NY28" 26 27.9 45.1 50.6 30.7 36.7 33.4 38.4 31.2 28.3
"Q9GZT9" 22.7 33.5 21.3 26.2 23.2 27.3 31.7 38.2 24.2 25.5
"P08729" 30 26.9 27.5 29.4 28.9 33 43.7 40.3 27.5 32.9
"Q8NEE6" 70.2 71.6 43.1 50 43 40 59 48.1 36.8 52.8
"Q9UMZ2" 10.1 6.7 3.9 3.1 4.1 3.2 3.9 5.3 4.9 9
"Q8WWI1" 49.7 45.4 41.4 41.3 41.2 55.2 59 45 55 55.3
"P35637" 2.8 10.3 3.1 1.5 6.5 8.1 4.7 4.4 9.1 2.1
"Q8IXW5" 6.5 2.9 4.5 3 4.1 4.2 2.5 2.9 4.2 3.9
"Q9UGP4" 142.5 124.1 51.2 58.3 45.2 35.9 40.4 30.1 40.5 60.6
"Q9NPI6" 22.6 18.8 25.9 31.4 19.9 14.2 19.1 15.3 19.6 20.8
"Q15751" 14.3 9.7 16.4 12.8 12.1 8.9 20.4 15 11.3 14.4
"A0A0U1RRE5" 1.7 2.2 4.1 2.6 2.2 3.6 6.8 4.3 2.5 4.5
"K7EN79" 24.6 29.5 33.4 38.2 28.8 22.5 33.7 22.1 23.8 28.5
"Q9UMS4" 193.4 193.6 119.6 119.2 150.6 166 197.9 208.1 188.2 191.5
"Q9UPQ9" 9.3 12.9 25.2 25.6 26.9 17.6 15.5 19.9 15.5 16.6
"O95425" 23.7 26.1 17.9 14.5 14.5 13.5 9.3 19.9 9.2 14.1
"O15066" 18.9 18.1 16.6 15.6 21.4 17.4 14.2 14.6 13.8 14.7
"Q9H1H9" 292.4 293.2 350.6 332.3 286.8 288.7 279.2 312.5 304.9 290
"P78406" 15.7 12.5 10.9 13.2 14 17 10.9 12.8 10.8 13.3
"Q15772" 83.7 86.7 95.3 96.1 105.8 115.1 126 126.3 91.9 93.5
"M0QXL5" 8.8 10.3 10.1 15.2 19.5 21.8 22.6 22.5 22.4 18.9
"M0R299" 8.8 10.3 10.1 15.2 19.5 21.8 22.6 22.5 22.4 18.9
"M0R0P1" 8.8 10.3 10.1 15.2 19.5 21.8 22.6 22.5 22.4 18.9
"P22087" 8.8 10.3 10.1 15.2 19.5 21.8 22.6 22.5 22.4 18.9
"M0R2Q4" 8.8 10.3 10.1 15.2 19.5 21.8 22.6 22.5 22.4 18.9
"A6NHQ2" 8.8 10.3 10.1 15.2 19.5 21.8 22.6 22.5 22.4 18.9
"Q9UKG1" 17.9 21 13.8 14.8 18 15.3 21.1 15.7 8.1 17.6
"Q3ZCQ8" 14.8 13.5 10.5 10.8 13.4 18.2 25.2 27.1 13.6 13.2
"Q9H0R4" 3.2 3.1 3.8 3.2 2.5 3.8 5.3 5 4 2.6
"Q8NFC6" 8.3 8.4 11.8 12.3 30.6 34.2 36.1 37.7 13.5 17.1
"Q12830" 244.5 263.5 287 298.9 333.8 303.7 286.3 338.9 313 319.4
"P28223" 1093.6 905.4 328.7 276 272.4 165.9 156.3 186.7 175.9 270
"Q9NXV6" 8249.8 7030.6 2712.1 2333.9 2261.2 1409.6 1170.3 1448.8 1462.5 2212.9
"O43683" 935.1 867.9 752 736.8 1270.9 1287.1 1291 1288.9 904 816.2
"Q8N9W4" 9.9 9 4.4 6.9 3.2 2.7 3.3 2.4 5.6 4
"O75528" 32.6 30.6 27.4 30.3 26.9 23 18.2 28.7 21.5 20
"P26358" 17.3 14.2 21.7 17 34.7 39 57.6 43.4 20.6 30.3
"P46939" 13.7 14.4 16.3 12.5 18.6 21.8 20.9 17.9 19 14.8
"O75038" 4.2 3.3 18.8 14.2 16 12.1 14.4 14.9 12.3 9.2
"A0A0C4DGG1" 11.5 14.4 16.4 13.9 17.5 20.3 14.5 21.7 15.9 14.7
"Q9UKS6" 11.5 14.4 16.4 13.9 17.5 20.3 14.5 21.7 15.9 14.7
"Q9P2D7" 11.6 5.1 11 11.5 13.7 6.6 10.4 5.6 12.7 13.2
"Q15398" 28.8 13.8 28.6 15.1 18.4 28.3 21.8 33.9 27.4 31.4
"Q9BUJ2" 20 23.6 30.3 26.6 19.8 19.2 28.6 20.4 14.2 24.4
"Q9P1Y5" 7.8 7.2 2.8 2.5 7.6 3.8 4.7 10 5.3 8
"Q9P289" 19 23.1 11.5 14.8 19.3 30.6 23.4 27.5 27.5 27.7
"Q8NBY1" 19 23.1 11.5 14.8 19.3 30.6 23.4 27.5 27.5 27.7
"B4E0Y9" 19 23.1 11.5 14.8 19.3 30.6 23.4 27.5 27.5 27.7
"Q9C073" 29 30.3 24.1 22 19.7 11.8 12.7 24.1 20.8 26.5
"Q96R06" 7.6 10.7 7.5 7.5 3.3 3.7 3 1.6 2.9 8.2
"Q92614" 28 24.3 15.4 14.8 20.2 20.2 22.6 18.2 20 16.4
"Q99973" 15.8 16.1 10.3 7.4 3.4 6.5 2.1 5.3 3.1 8
"Q96Q89" 77.7 73.2 83 83.8 104.5 120.5 164.6 157.4 118.9 106.2
"Q96CT7" 19.6 18.8 14.1 15.7 31.8 35.2 31.5 32.2 14.6 19.7
"P05771" 109.3 113.4 129.8 133 131.4 126 144.1 142.4 145.7 142.1
"P26640" 7.3 8.6 6.7 6.9 13 16.7 13.7 8.9 3.7 9.8
"Q96AE4" 3.8 7.5 8.1 3 10.3 13.6 6.9 15 11.8 12.5
"Q15773" 16.2 12 9.5 7 8.2 10.5 5.1 5.9 8.6 7.6
"Q9Y2H6" 28.5 24.9 21.7 26.2 28 25.6 31.9 29.3 40.1 33.4
"A2ABK4" 3.1 2.8 3.2 9.1 8.2 8.8 6.6 20 8.6 4.3
"A0A0A0MSN9" 3.1 2.8 3.2 9.1 8.2 8.8 6.6 20 8.6 4.3
"A0A0A0MT02" 3.1 2.8 3.2 9.1 8.2 8.8 6.6 20 8.6 4.3
"P18615" 3.1 2.8 3.2 9.1 8.2 8.8 6.6 20 8.6 4.3
"A0A0G2JI50" 3.1 2.8 3.2 9.1 8.2 8.8 6.6 20 8.6 4.3
"E9PD43" 3.1 2.8 3.2 9.1 8.2 8.8 6.6 20 8.6 4.3
"A0A0U1RRE1" 8.1 10.1 9.1 10.1 12.3 14.3 11.4 3.8 8.3 9.6
